113
115
117
175
177
223
225
245
272
273
288
301
335
345
349
371
373
377
379
434
440
444
447
453
528
532
542
544
546
548
560
561
563
564
579
581
837
847
851
853
948
952
960
973
983
1007
1009
1017
1019
1021
1023
1027
1029
1067
1069
1075
1083
1087
1097
1101
1105
1115
1117
1119
1133
1139
1143
1145
1151
1153
1155
1157
1159
1165
1171
1173
1177
1179
1181
1191
1193
1203
1205
1211
1217
1267
1269
1273
1283
1285
1295
1297
1299
1307
1311
1313
1321
1323
1325
1329
1339
1341
1349
1355
1357
1361
1365
1367
1420
1426
1428
1430
1440
1444
1515
1592
1595
1597
1603
1605
1607
1621
1623
1635
1637
1639
1654
1656
1658
1673
1675
1677
1692
1694
1696
1718
1727
1729
1739
1741
1743
1757
1761
1763
1765
1767
1769
1771
1773
1789
1791
1891
1897
1905
1907
1913
1917
1933
1949
1953
1969
2134
2136
2142
2283
2289
2293
2297
2307
2309
2315
2317
2319
2321
2349
2351
2353
2355
2359
2446
2520
2522
2524
2526
2912
2932
2942
3008
3010
3012
3014
3183
4315
4317
4319
4321
4323
4327
4329
4331
4333
4335
4337
4339
4341
4343
4347
4349
4351
4353
4355
4357
4359
4361
4363
4367
4369
4371
4373
4375
4377
4379
4381
4383
4387
4389
4391
4395
4397
4399
4401
4403
4407
4409
4411
4413
5523
6814
6962
9004
11079
12972
12974
13658
25139
25766
25769
25833